.Random.seed <-
c(403L, 407L, -10923026L, -216459424L, -2124112133L, 1465626049L, 
199094745L, 802115634L, -678110668L, 994013994L, -81774298L, 
-770152295L, 1794978635L, -140299995L, 661504868L, 423373598L, 
-1416556157L, -843292554L, -910578800L, 1254871452L, -870257944L, 
-958667279L, -929757597L, 141159369L, -2055902689L, 1402933131L, 
187637120L, -1293555183L, 1306169182L, -926377830L, -2128289564L, 
-1648165296L, 1349165588L, 314959510L, -1920549440L, -619344700L, 
1536503060L, -2056916780L, -237478400L, 1022073087L, -999314644L, 
-1613333793L, 1820060387L, -2042980597L, -1075689847L, -1380970354L, 
-1674480235L, 1188830965L, -1665411006L, 1337551542L, 1802358269L, 
1473184685L, 1029747707L, 1852651963L, -1763231012L, 1440132054L, 
1211243844L, 1168500769L, 2073910834L, -1093286039L, 1926976173L, 
-920845365L, -1349939263L, 1049622009L, 656442235L, -2053197192L, 
-367656600L, 708128735L, -1284704587L, 715378484L, -1735984192L, 
1529092302L, -1499720334L, -1232560526L, 1045604480L, 1832330839L, 
-188472103L, -382341592L, -1577527062L, -928165180L, 478939814L, 
43111810L, -98349454L, 1727639411L, 2047536513L, -1523519647L, 
1206446935L, 1090189156L, -1821093695L, -1369285295L, 1450565161L, 
394777264L, 154288100L, 391477183L, -187087643L, 1955564962L, 
1035370626L, 508074269L, -621779608L, -373655496L, -1315023474L, 
-769102179L, 76322277L, -1202095074L, 348807778L, 1713303774L, 
173966086L, 1835689669L, 1393432462L, -2040575178L, -1039202965L, 
313501500L, -2035942986L, -945072764L, -1577064573L, 1015604686L, 
-657220060L, -294554914L, 385653969L, -439244605L, -1226672142L, 
133866825L, -697267393L, 359924166L, 1132092796L, -1645406112L, 
552969632L, -1051922335L, -517446014L, -231607576L, -964417250L, 
-1891176627L, 2003197186L, -1901106807L, -1728095285L, 168559083L, 
1627928940L, 1910861094L, 1703668981L, -1884009998L, 158718794L, 
1748086148L, -1633364531L, -1442136177L, -60405306L, -503581753L, 
206690821L, -462164509L, 2065281931L, 135210753L, 1820888311L, 
-179582154L, 705785353L, -1670748715L, 749131741L, -1041186789L, 
757921502L, 1048710698L, -188780065L, 616100875L, 1568838837L, 
97800365L, -1721071439L, -532406346L, 1411874941L, 530471520L, 
562314190L, -558700127L, -1547491647L, 485994223L, 324620028L, 
1097967420L, -1307333991L, -2091655289L, 1191729267L, -1848275503L, 
1383059079L, -1263145462L, 942950562L, -1281416654L, -65569697L, 
-1310792678L, -664060957L, -316393560L, -1395466057L, -2069714204L, 
142203877L, 1809569410L, 1531884211L, 2098530148L, -1700282512L, 
522405689L, -1959969282L, 1846644798L, -1935590973L, -1122422191L, 
-312847914L, -1326463973L, 2005488597L, 1416909271L, 2008019859L, 
315346197L, 251050977L, -939969432L, 750354987L, 127233606L, 
-2131639813L, 1759247253L, -669860236L, 975055957L, 1161253298L, 
-51476476L, -1756168315L, 1557760083L, 571410386L, 407503960L, 
-1119095679L, -293078579L, 2143685637L, 541097081L, -2004936278L, 
1893842269L, -1186425123L, -586055507L, 1589956098L, 391867550L, 
1670174259L, -1382644807L, 2010545758L, -625410520L, -525983189L, 
1870483498L, -588877951L, 330786364L, -859502400L, -753553063L, 
-346963320L, -1120871439L, 702460647L, -1539364849L, 1759759997L, 
1127109793L, 1180301061L, -1263540787L, -170274605L, -882723491L, 
-1005587218L, -586979704L, -1130534812L, -400017382L, -1885248778L, 
27978984L, -481031526L, -1134045318L, -924788831L, 1786920618L, 
1454296823L, -1676702502L, -653187288L, -969758660L, 996387013L, 
-9820513L, 66530040L, -1598675291L, 1538511155L, -297593362L, 
-1733866605L, 1707284964L, 708965932L, 1287613878L, 2002466206L, 
-1602721996L, 39865806L, -1142150468L, -743717512L, 513729709L, 
970311472L, -544782338L, 1161870080L, 1604649772L, 1843434419L, 
-1421287713L, 117357032L, -2006733802L, 1711190935L, -200002938L, 
-700176929L, -1277670936L, 2016872874L, -1061925744L, 1824996996L, 
-1929096123L, -1109349896L, 1211164445L, -1869364761L, -1308854800L, 
-1292148055L, -573183299L, -907107126L, -907028530L, -814928721L, 
673431079L, 1563861437L, 1098579847L, -890620832L, 894497859L, 
1823426979L, 1292958882L, -16761829L, 1219533350L, -1475883348L, 
564435449L, 583285679L, 756910069L, 1771276466L, 80390938L, -610713474L, 
-980153642L, 433857589L, -1209700706L, 1490123532L, -1708859330L, 
-1944985884L, -1004363079L, 1185329046L, 436094771L, 1891593267L, 
-177309528L, -643801293L, 1649836315L, -1114275654L, 940967594L, 
-1744198432L, 972184739L, -1603288478L, -1967230135L, 1289958963L, 
-1332001286L, -131857248L, -1990008549L, 1663118922L, 1097360815L, 
-210335218L, -848879765L, 791355633L, -1761587887L, 1258631901L, 
1458161921L, 2146333737L, 774501658L, 583977603L, -1937089953L, 
-1540601487L, 1088562758L, -1284818378L, 336937609L, -1771952951L, 
-1167702323L, 2094614993L, 1687913045L, -1462656084L, -233259946L, 
-1955007573L, -752437281L, 2084253937L, 1372066904L, -64044559L, 
599167339L, -1918890868L, 1313624960L, 1800145681L, -1283153687L, 
-608084477L, -823582870L, 48517769L, -1262070659L, -1874672341L, 
-1057018069L, -990749692L, 1112532359L, 273015793L, 1648952976L, 
735450082L, -367713664L, -136800384L, 489768107L, -1965612703L, 
1899081082L, 315409199L, -1772867074L, 842812536L, -110068438L, 
1496561921L, 1206180599L, 188266062L, 133706590L, -2030127693L, 
-1383435524L, 523622453L, -920875001L, 332669695L, -587270293L, 
-751828416L, -336589801L, -1424627557L, -846239239L, -543198914L, 
1301587387L, 1058887259L, -732720602L, 1925837376L, -135297964L, 
578123375L, 207828143L, -1784003305L, 1130817214L, -1936086829L, 
-612201103L, -1591612354L, 43642484L, 87598562L, -1957940393L, 
8151640L, -920340687L, 4660431L, 922456531L, -1984952433L, 2029919109L, 
230492745L, 974734101L, 1835181687L, 717393035L, -1548931917L, 
16209902L, -1123487509L, -1229058959L, 533667543L, 676388722L, 
1597839170L, -777534303L, -1732533964L, -1209361871L, -628566101L, 
-986087179L, 954894237L, 1153276647L, -1873338148L, -1881886072L, 
250908019L, -200149543L, -393373724L, -95784342L, 1714014432L, 
798428592L, -1105901130L, 678464354L, 732806691L, 822969610L, 
950464906L, -814411799L, 372581074L, 1734092953L, 631615734L, 
127494835L, 1176171075L, -1874933743L, -2113399911L, 790814737L, 
1459712020L, 1087578134L, 833044339L, 93438793L, 1720001586L, 
431895623L, -1604821607L, 1072686855L, -1389995538L, -1971353851L, 
606551010L, 361401532L, -1355812993L, 362252672L, -1132166275L, 
57915899L, -1396831335L, 1665649680L, 2094191621L, 225771073L, 
-1060549608L, 693214191L, -1871249837L, 1225140583L, -159230397L, 
-1583053700L, 782552350L, 478679321L, -366294100L, 1445997898L, 
462761099L, -328659577L, 1041284378L, -1518821889L, 1448819405L, 
-204918085L, 1519171353L, -2063261742L, 1177698716L, 2007517768L, 
-677125613L, -672006835L, -1199287123L, -2025962879L, -1003919926L, 
642413023L, 26202815L, -881486302L, 474777015L, -262650318L, 
-2114546938L, -1157530302L, -1417935104L, -1303705984L, -1400047572L, 
-919363208L, 903836516L, 981678026L, 512722543L, -534212755L, 
-178268580L, 711607140L, 195600986L, 1421252769L, 173490894L, 
-793118709L, 512003664L, 1829067736L, -268621594L, 1282440459L, 
1704381359L, 378927284L, -1776921502L, 1977992646L, 326869000L, 
1348979074L, -59563668L, 928368085L, -821497213L, -2010068041L, 
-1006139843L, 313754315L, 1342416740L, 1710203369L, -1184773226L, 
-668486576L, 870922750L, -385287587L, 1734815057L, 39579673L, 
1810432280L, 1329984696L, 688571476L, 1908320731L, -581803192L, 
523618910L, -1514350442L, 945184788L, -1909990360L, 457847883L, 
694201542L, -1221834210L, -1241834260L, 268835873L, -677154050L, 
-78103621L, -1776858089L, -2108739420L, 960711703L, -707228751L, 
-1384778353L, 1088807475L, 626403941L, 1945424983L, 777948696L, 
-2085699350L, 1923882485L, 1169937481L, 35176166L, -65560556L, 
-1722768562L, 21408354L, -1878572501L, -2019937017L, 441104339L, 
-107283508L, 903631787L, 1114207760L, -451018766L, -1412083759L, 
-150005549L, 327555035L, -989400813L, -427259050L, -1005316039L, 
